{
 "cells": [
  {
   "cell_type": "code",
   "execution_count": 1,
   "metadata": {
    "jupyter": {
     "source_hidden": true
    },
    "tags": []
   },
   "outputs": [],
   "source": [
    "coulomb_matrix = [\n",
    "    [\n",
    "        36.8581051994,\n",
    "        23.8539121677,\n",
    "        14.2474234001,\n",
    "        9.4214666604,\n",
    "        8.316635547,\n",
    "        9.4346625969,\n",
    "        14.2283577892,\n",
    "        7.2175296836,\n",
    "        7.8922472919,\n",
    "        6.2558894608,\n",
    "        5.0622767567,\n",
    "        7.7175550713,\n",
    "        4.2132252851,\n",
    "        10.2200798343,\n",
    "        3.9708094239,\n",
    "        3.9496080328,\n",
    "        4.4857118637,\n",
    "        5.486208756,\n",
    "        5.4706458461,\n",
    "        5.4720247885,\n",
    "        2.1862013235,\n",
    "        1.1083962888,\n",
    "        1.2817429829,\n",
    "        2.2008991585,\n",
    "        0.6557655646,\n",
    "        0.6792843384,\n",
    "        0.597151548,\n",
    "        0.7273192212,\n",
    "        0.6431706006,\n",
    "        0.5997669353,\n",
    "        0.7245679751,\n",
    "        0.7287974701,\n",
    "        0.8580440233\n",
    "    ],\n",
    "    [\n",
    "        23.8539121677,\n",
    "        36.8581051994,\n",
    "        25.8351208255,\n",
    "        14.7958124967,\n",
    "        12.7681256773,\n",
    "        14.790967216,\n",
    "        25.6450553403,\n",
    "        9.5987672395,\n",
    "        9.643188869,\n",
    "        7.3751410966,\n",
    "        6.1100893708,\n",
    "        9.8532382021,\n",
    "        4.9514171275,\n",
    "        11.8487315433,\n",
    "        4.6940410654,\n",
    "        4.7117244197,\n",
    "        5.3897428141,\n",
    "        2.7750805239,\n",
    "        2.7746381641,\n",
    "        2.774023342,\n",
    "        2.7812096378,\n",
    "        1.5368593408,\n",
    "        1.7569372874,\n",
    "        2.7829896005,\n",
    "        0.7533316976,\n",
    "        0.8011186045,\n",
    "        0.69269989,\n",
    "        0.8863755069,\n",
    "        0.7655736404,\n",
    "        0.7031900957,\n",
    "        0.8518733505,\n",
    "        0.8734356995,\n",
    "        1.0649355619\n",
    "    ],\n",
    "    [\n",
    "        14.2474234001,\n",
    "        25.8351208255,\n",
    "        36.8581051994,\n",
    "        25.6422927251,\n",
    "        14.8219040207,\n",
    "        12.9259617496,\n",
    "        14.9776517203,\n",
    "        14.6187338284,\n",
    "        14.1759243026,\n",
    "        9.740584182,\n",
    "        7.8348728855,\n",
    "        12.9455939275,\n",
    "        5.9811175106,\n",
    "        13.8594967505,\n",
    "        5.3611484211,\n",
    "        5.3113277026,\n",
    "        6.1641287409,\n",
    "        2.2807882523,\n",
    "        1.8517400263,\n",
    "        1.8364954144,\n",
    "        5.5282354778,\n",
    "        1.7585245044,\n",
    "        1.5499132862,\n",
    "        1.7704778823,\n",
    "        0.9023043766,\n",
    "        0.9489170703,\n",
    "        0.774913464,\n",
    "        1.0167590977,\n",
    "        0.840456101,\n",
    "        0.7876251916,\n",
    "        0.9719112542,\n",
    "        0.9640722774,\n",
    "        1.2604850817\n",
    "    ],\n",
    "    [\n",
    "        9.4214666604,\n",
    "        14.7958124967,\n",
    "        25.6422927251,\n",
    "        36.8581051994,\n",
    "        25.7081816129,\n",
    "        14.9309135602,\n",
    "        12.9354686008,\n",
    "        24.7415792852,\n",
    "        16.871031637,\n",
    "        11.6692927991,\n",
    "        10.1907494646,\n",
    "        19.6775427513,\n",
    "        7.4093786116,\n",
    "        16.6932368127,\n",
    "        6.6351176649,\n",
    "        6.6781073037,\n",
    "        7.7141523638,\n",
    "        1.4879722008,\n",
    "        1.3478241421,\n",
    "        1.3413593059,\n",
    "        2.7944524138,\n",
    "        2.7801008544,\n",
    "        1.7666027308,\n",
    "        1.5502322035,\n",
    "        1.0693657275,\n",
    "        1.1833801265,\n",
    "        0.9267292143,\n",
    "        1.3334851189,\n",
    "        1.04072039,\n",
    "        0.9636631982,\n",
    "        1.1644395297,\n",
    "        1.1845632486,\n",
    "        1.6776976396\n",
    "    ],\n",
    "    [\n",
    "        8.316635547,\n",
    "        12.7681256773,\n",
    "        14.8219040207,\n",
    "        25.7081816129,\n",
    "        36.8581051994,\n",
    "        25.8361861697,\n",
    "        14.8921937575,\n",
    "        14.4814449411,\n",
    "        11.2784497717,\n",
    "        9.1180976639,\n",
    "        8.6151308988,\n",
    "        16.8521252654,\n",
    "        6.8505897954,\n",
    "        16.0431838208,\n",
    "        6.8746656059,\n",
    "        7.2747717109,\n",
    "        8.0758919431,\n",
    "        1.2397192443,\n",
    "        1.242092672,\n",
    "        1.2412597922,\n",
    "        1.7634013189,\n",
    "        5.5322154511,\n",
    "        2.7909852109,\n",
    "        1.7649286155,\n",
    "        0.9734633911,\n",
    "        1.1439884484,\n",
    "        0.962594234,\n",
    "        1.4747150217,\n",
    "        1.1812180106,\n",
    "        1.0268592417,\n",
    "        1.1670845715,\n",
    "        1.3120498154,\n",
    "        1.7362525118\n",
    "    ],\n",
    "    [\n",
    "        9.4346625969,\n",
    "        14.790967216,\n",
    "        12.9259617496,\n",
    "        14.9309135602,\n",
    "        25.8361861697,\n",
    "        36.8581051994,\n",
    "        25.8424409842,\n",
    "        9.5921955552,\n",
    "        8.5779874141,\n",
    "        7.1028380811,\n",
    "        6.4700413388,\n",
    "        11.3174574172,\n",
    "        5.4188664202,\n",
    "        13.1430872704,\n",
    "        5.6210732884,\n",
    "        5.9356683983,\n",
    "        6.5452353284,\n",
    "        1.3057102823,\n",
    "        1.4366428159,\n",
    "        1.4425689991,\n",
    "        1.5503071091,\n",
    "        2.7799986506,\n",
    "        5.524293494,\n",
    "        2.7902533039,\n",
    "        0.7940414773,\n",
    "        0.9097401938,\n",
    "        0.8181001329,\n",
    "        1.1458853674,\n",
    "        0.9984679309,\n",
    "        0.8591789847,\n",
    "        0.9757890528,\n",
    "        1.1096611936,\n",
    "        1.3121311477\n",
    "    ],\n",
    "    [\n",
    "        14.2283577892,\n",
    "        25.6450553403,\n",
    "        14.9776517203,\n",
    "        12.9354686008,\n",
    "        14.8921937575,\n",
    "        25.8424409842,\n",
    "        36.8581051994,\n",
    "        8.4949463545,\n",
    "        8.1629967946,\n",
    "        6.6008740011,\n",
    "        5.7307404453,\n",
    "        9.4716462862,\n",
    "        4.7856082995,\n",
    "        11.6353948975,\n",
    "        4.7890642126,\n",
    "        4.9215998064,\n",
    "        5.5251255106,\n",
    "        1.7446016694,\n",
    "        2.0955504233,\n",
    "        2.1160661806,\n",
    "        1.7666285922,\n",
    "        1.7630323808,\n",
    "        2.7883507688,\n",
    "        5.5180005383,\n",
    "        0.7189369274,\n",
    "        0.7905731281,\n",
    "        0.7088840727,\n",
    "        0.9274361897,\n",
    "        0.8188830679,\n",
    "        0.7284246625,\n",
    "        0.8550620394,\n",
    "        0.9236746652,\n",
    "        1.0834077692\n",
    "    ],\n",
    "    [\n",
    "        7.2175296836,\n",
    "        9.5987672395,\n",
    "        14.6187338284,\n",
    "        24.7415792852,\n",
    "        14.4814449411,\n",
    "        9.5921955552,\n",
    "        8.4949463545,\n",
    "        36.8581051994,\n",
    "        32.2820197017,\n",
    "        19.3918967691,\n",
    "        16.8018237409,\n",
    "        35.0019230577,\n",
    "        10.121036479,\n",
    "        20.9047144449,\n",
    "        7.7327475981,\n",
    "        7.5497085877,\n",
    "        8.6555605196,\n",
    "        1.2119125194,\n",
    "        1.0629188122,\n",
    "        1.0563126967,\n",
    "        2.2661649997,\n",
    "        2.2129802542,\n",
    "        1.2953184249,\n",
    "        1.1267271387,\n",
    "        1.422748332,\n",
    "        1.5296692537,\n",
    "        1.0475514454,\n",
    "        1.5304180964,\n",
    "        1.1131615602,\n",
    "        1.09433892,\n",
    "        1.3102264591,\n",
    "        1.2407653046,\n",
    "        1.9234259293\n",
    "    ],\n",
    "    [\n",
    "        7.8922472919,\n",
    "        9.643188869,\n",
    "        14.1759243026,\n",
    "        16.871031637,\n",
    "        11.2784497717,\n",
    "        8.5779874141,\n",
    "        8.1629967946,\n",
    "        32.2820197017,\n",
    "        53.3587073998,\n",
    "        35.095166921,\n",
    "        19.4446274029,\n",
    "        25.3308515911,\n",
    "        11.6057245951,\n",
    "        23.6731606842,\n",
    "        7.99941521,\n",
    "        7.5379937112,\n",
    "        8.6550624743,\n",
    "        1.3969110842,\n",
    "        1.165918087,\n",
    "        1.1556774055,\n",
    "        2.661177136,\n",
    "        1.7448104448,\n",
    "        1.1979475105,\n",
    "        1.1264953025,\n",
    "        1.7645616092,\n",
    "        1.6586293207,\n",
    "        1.1158349212,\n",
    "        1.4539233004,\n",
    "        1.1058364078,\n",
    "        1.1342603191,\n",
    "        1.3857466032,\n",
    "        1.231122969,\n",
    "        1.788137418\n",
    "    ],\n",
    "    [\n",
    "        6.2558894608,\n",
    "        7.3751410966,\n",
    "        9.740584182,\n",
    "        11.6692927991,\n",
    "        9.1180976639,\n",
    "        7.1028380811,\n",
    "        6.6008740011,\n",
    "        19.3918967691,\n",
    "        35.095166921,\n",
    "        53.3587073998,\n",
    "        32.3971798288,\n",
    "        25.3393147509,\n",
    "        16.7521479333,\n",
    "        30.0961238337,\n",
    "        9.0373534501,\n",
    "        8.3076461004,\n",
    "        9.1103010954,\n",
    "        1.0937686617,\n",
    "        0.94844665,\n",
    "        0.9413409686,\n",
    "        1.7390640859,\n",
    "        1.5244870806,\n",
    "        1.0364175464,\n",
    "        0.9399948166,\n",
    "        2.6456258475,\n",
    "        2.1363873543,\n",
    "        1.248788807,\n",
    "        1.5773143291,\n",
    "        1.1719027767,\n",
    "        1.2791674791,\n",
    "        1.4665464035,\n",
    "        1.2527817686,\n",
    "        1.802603303\n",
    "    ],\n",
    "    [\n",
    "        5.0622767567,\n",
    "        6.1100893708,\n",
    "        7.8348728855,\n",
    "        10.1907494646,\n",
    "        8.6151308988,\n",
    "        6.4700413388,\n",
    "        5.7307404453,\n",
    "        16.8018237409,\n",
    "        19.4446274029,\n",
    "        32.3971798288,\n",
    "        36.8581051994,\n",
    "        35.0901554493,\n",
    "        24.307335103,\n",
    "        33.9872863298,\n",
    "        10.1785902422,\n",
    "        9.5107817849,\n",
    "        9.7030403841,\n",
    "        0.8588209726,\n",
    "        0.7738300424,\n",
    "        0.769403882,\n",
    "        1.3020203798,\n",
    "        1.5484928119,\n",
    "        0.9598492205,\n",
    "        0.8149442179,\n",
    "        2.8709433526,\n",
    "        2.8188316191,\n",
    "        1.3211932087,\n",
    "        1.8942755672,\n",
    "        1.2697779988,\n",
    "        1.4309482967,\n",
    "        1.465921272,\n",
    "        1.2887328877,\n",
    "        1.9628651446\n",
    "    ],\n",
    "    [\n",
    "        7.7175550713,\n",
    "        9.8532382021,\n",
    "        12.9455939275,\n",
    "        19.6775427513,\n",
    "        16.8521252654,\n",
    "        11.3174574172,\n",
    "        9.4716462862,\n",
    "        35.0019230577,\n",
    "        25.3308515911,\n",
    "        25.3393147509,\n",
    "        35.0901554493,\n",
    "        73.5166947198,\n",
    "        19.5460392784,\n",
    "        36.5510178325,\n",
    "        13.7664496575,\n",
    "        13.8475230038,\n",
    "        14.4387476209,\n",
    "        1.2745997847,\n",
    "        1.1697998709,\n",
    "        1.1649840515,\n",
    "        1.9935302238,\n",
    "        3.1848850399,\n",
    "        1.6363098467,\n",
    "        1.3048558433,\n",
    "        2.4091438236,\n",
    "        2.9922657081,\n",
    "        1.7467848558,\n",
    "        3.0483048989,\n",
    "        1.9109104469,\n",
    "        1.940716388,\n",
    "        2.0333522464,\n",
    "        1.9736426994,\n",
    "        3.2995548154\n",
    "    ],\n",
    "    [\n",
    "        4.2132252851,\n",
    "        4.9514171275,\n",
    "        5.9811175106,\n",
    "        7.4093786116,\n",
    "        6.8505897954,\n",
    "        5.4188664202,\n",
    "        4.7856082995,\n",
    "        10.121036479,\n",
    "        11.6057245951,\n",
    "        16.7521479333,\n",
    "        24.307335103,\n",
    "        19.5460392784,\n",
    "        36.8581051994,\n",
    "        52.0400623537,\n",
    "        12.2283900739,\n",
    "        11.3838744397,\n",
    "        9.7017264913,\n",
    "        0.7094173814,\n",
    "        0.6546094218,\n",
    "        0.6511630056,\n",
    "        0.9859874929,\n",
    "        1.2766736973,\n",
    "        0.8359394185,\n",
    "        0.6990651492,\n",
    "        5.4947133384,\n",
    "        5.4909652526,\n",
    "        1.5879007213,\n",
    "        2.0980429708,\n",
    "        1.415505389,\n",
    "        1.8529795046,\n",
    "        1.4557476002,\n",
    "        1.2864641917,\n",
    "        1.7362992729\n",
    "    ],\n",
    "    [\n",
    "        10.2200798343,\n",
    "        11.8487315433,\n",
    "        13.8594967505,\n",
    "        16.6932368127,\n",
    "        16.0431838208,\n",
    "        13.1430872704,\n",
    "        11.6353948975,\n",
    "        20.9047144449,\n",
    "        23.6731606842,\n",
    "        30.0961238337,\n",
    "        33.9872863298,\n",
    "        36.5510178325,\n",
    "        52.0400623537,\n",
    "        388.0234410267,\n",
    "        51.6380658082,\n",
    "        33.8458226699,\n",
    "        33.9462872003,\n",
    "        1.709062516,\n",
    "        1.6259556557,\n",
    "        1.5722536792,\n",
    "        2.2688588808,\n",
    "        2.9963736076,\n",
    "        2.0698045296,\n",
    "        1.7259907556,\n",
    "        6.7811436707,\n",
    "        6.5494163188,\n",
    "        6.8868886848,\n",
    "        5.081056407,\n",
    "        4.2189967869,\n",
    "        5.3706245652,\n",
    "        5.3958855515,\n",
    "        4.2198677226,\n",
    "        5.1283863419\n",
    "    ],\n",
    "    [\n",
    "        3.9708094239,\n",
    "        4.6940410654,\n",
    "        5.3611484211,\n",
    "        6.6351176649,\n",
    "        6.8746656059,\n",
    "        5.6210732884,\n",
    "        4.7890642126,\n",
    "        7.7327475981,\n",
    "        7.99941521,\n",
    "        9.0373534501,\n",
    "        10.1785902422,\n",
    "        13.7664496575,\n",
    "        12.2283900739,\n",
    "        51.6380658082,\n",
    "        36.8581051994,\n",
    "        23.5589711967,\n",
    "        23.5184558415,\n",
    "        0.6488168315,\n",
    "        0.6373636253,\n",
    "        0.6112479664,\n",
    "        0.843831154,\n",
    "        1.3569483349,\n",
    "        0.9073495223,\n",
    "        0.7107860381,\n",
    "        1.5587633383,\n",
    "        1.959647067,\n",
    "        5.4701512278,\n",
    "        2.7531799125,\n",
    "        2.7813816382,\n",
    "        2.7480660082,\n",
    "        2.7551221977,\n",
    "        2.7720889232,\n",
    "        2.751806196\n",
    "    ],\n",
    "    [\n",
    "        3.9496080328,\n",
    "        4.7117244197,\n",
    "        5.3113277026,\n",
    "        6.6781073037,\n",
    "        7.2747717109,\n",
    "        5.9356683983,\n",
    "        4.9215998064,\n",
    "        7.5497085877,\n",
    "        7.5379937112,\n",
    "        8.3076461004,\n",
    "        9.5107817849,\n",
    "        13.8475230038,\n",
    "        11.3838744397,\n",
    "        33.8458226699,\n",
    "        23.5589711967,\n",
    "        36.8581051994,\n",
    "        14.1426197443,\n",
    "        0.6385497975,\n",
    "        0.6279756336,\n",
    "        0.6169024373,\n",
    "        0.8211380614,\n",
    "        1.5157917722,\n",
    "        0.9796400118,\n",
    "        0.7318137041,\n",
    "        1.4500833766,\n",
    "        2.1897230977,\n",
    "        2.8010372936,\n",
    "        5.4818934116,\n",
    "        5.4721673565,\n",
    "        5.4816239441,\n",
    "        1.7164911778,\n",
    "        2.1558689891,\n",
    "        2.1270288539\n",
    "    ],\n",
    "    [\n",
    "        4.4857118637,\n",
    "        5.3897428141,\n",
    "        6.1641287409,\n",
    "        7.7141523638,\n",
    "        8.0758919431,\n",
    "        6.5452353284,\n",
    "        5.5251255106,\n",
    "        8.6555605196,\n",
    "        8.6550624743,\n",
    "        9.1103010954,\n",
    "        9.7030403841,\n",
    "        14.4387476209,\n",
    "        9.7017264913,\n",
    "        33.9462872003,\n",
    "        23.5184558415,\n",
    "        14.1426197443,\n",
    "        36.8581051994,\n",
    "        0.7268606933,\n",
    "        0.7277864372,\n",
    "        0.6786067225,\n",
    "        0.9539390231,\n",
    "        1.5720298251,\n",
    "        1.0440510874,\n",
    "        0.8111604382,\n",
    "        1.2858661535,\n",
    "        1.4908451308,\n",
    "        2.7938712003,\n",
    "        2.1405890443,\n",
    "        2.1525310318,\n",
    "        1.7134501448,\n",
    "        5.4873168409,\n",
    "        5.4652952878,\n",
    "        5.49234317\n",
    "    ],\n",
    "    [\n",
    "        5.486208756,\n",
    "        2.7750805239,\n",
    "        2.2807882523,\n",
    "        1.4879722008,\n",
    "        1.2397192443,\n",
    "        1.3057102823,\n",
    "        1.7446016694,\n",
    "        1.2119125194,\n",
    "        1.3969110842,\n",
    "        1.0937686617,\n",
    "        0.8588209726,\n",
    "        1.2745997847,\n",
    "        0.7094173814,\n",
    "        1.709062516,\n",
    "        0.6488168315,\n",
    "        0.6385497975,\n",
    "        0.7268606933,\n",
    "        0.5,\n",
    "        0.5648496183,\n",
    "        0.5645934961,\n",
    "        0.4183349032,\n",
    "        0.1693752086,\n",
    "        0.1801309739,\n",
    "        0.2640877759,\n",
    "        0.1117306042,\n",
    "        0.1131421739,\n",
    "        0.0976393919,\n",
    "        0.1172178464,\n",
    "        0.102841505,\n",
    "        0.0976013778,\n",
    "        0.1187003838,\n",
    "        0.1163948745,\n",
    "        0.1386482682\n",
    "    ],\n",
    "    [\n",
    "        5.4706458461,\n",
    "        2.7746381641,\n",
    "        1.8517400263,\n",
    "        1.3478241421,\n",
    "        1.242092672,\n",
    "        1.4366428159,\n",
    "        2.0955504233,\n",
    "        1.0629188122,\n",
    "        1.165918087,\n",
    "        0.94844665,\n",
    "        0.7738300424,\n",
    "        1.1697998709,\n",
    "        0.6546094218,\n",
    "        1.6259556557,\n",
    "        0.6373636253,\n",
    "        0.6279756336,\n",
    "        0.7277864372,\n",
    "        0.5648496183,\n",
    "        0.5,\n",
    "        0.5667141104,\n",
    "        0.286823803,\n",
    "        0.1696344367,\n",
    "        0.2028328406,\n",
    "        0.3559362276,\n",
    "        0.1019177743,\n",
    "        0.1052693526,\n",
    "        0.0967426828,\n",
    "        0.1141051084,\n",
    "        0.10317603,\n",
    "        0.0952073393,\n",
    "        0.1187859219,\n",
    "        0.1195343568,\n",
    "        0.1375288132\n",
    "    ],\n",
    "    [\n",
    "        5.4720247885,\n",
    "        2.774023342,\n",
    "        1.8364954144,\n",
    "        1.3413593059,\n",
    "        1.2412597922,\n",
    "        1.4425689991,\n",
    "        2.1160661806,\n",
    "        1.0563126967,\n",
    "        1.1556774055,\n",
    "        0.9413409686,\n",
    "        0.769403882,\n",
    "        1.1649840515,\n",
    "        0.6511630056,\n",
    "        1.5722536792,\n",
    "        0.6112479664,\n",
    "        0.6169024373,\n",
    "        0.6786067225,\n",
    "        0.5645934961,\n",
    "        0.5667141104,\n",
    "        0.5,\n",
    "        0.2833050939,\n",
    "        0.1695291502,\n",
    "        0.2039613228,\n",
    "        0.3627983714,\n",
    "        0.1018888337,\n",
    "        0.1062929679,\n",
    "        0.0924319902,\n",
    "        0.1135474655,\n",
    "        0.1009101137,\n",
    "        0.0945269013,\n",
    "        0.1089260421,\n",
    "        0.1109835846,\n",
    "        0.1282750627\n",
    "    ],\n",
    "    [\n",
    "        2.1862013235,\n",
    "        2.7812096378,\n",
    "        5.5282354778,\n",
    "        2.7944524138,\n",
    "        1.7634013189,\n",
    "        1.5503071091,\n",
    "        1.7666285922,\n",
    "        2.2661649997,\n",
    "        2.661177136,\n",
    "        1.7390640859,\n",
    "        1.3020203798,\n",
    "        1.9935302238,\n",
    "        0.9859874929,\n",
    "        2.2688588808,\n",
    "        0.843831154,\n",
    "        0.8211380614,\n",
    "        0.9539390231,\n",
    "        0.4183349032,\n",
    "        0.286823803,\n",
    "        0.2833050939,\n",
    "        0.5,\n",
    "        0.2328185521,\n",
    "        0.2017628994,\n",
    "        0.2326837091,\n",
    "        0.1524020637,\n",
    "        0.153423881,\n",
    "        0.1229139879,\n",
    "        0.154982067,\n",
    "        0.1284082394,\n",
    "        0.1235854465,\n",
    "        0.153984402,\n",
    "        0.1468101623,\n",
    "        0.1912780597\n",
    "    ],\n",
    "    [\n",
    "        1.1083962888,\n",
    "        1.5368593408,\n",
    "        1.7585245044,\n",
    "        2.7801008544,\n",
    "        5.5322154511,\n",
    "        2.7799986506,\n",
    "        1.7630323808,\n",
    "        2.2129802542,\n",
    "        1.7448104448,\n",
    "        1.5244870806,\n",
    "        1.5484928119,\n",
    "        3.1848850399,\n",
    "        1.2766736973,\n",
    "        2.9963736076,\n",
    "        1.3569483349,\n",
    "        1.5157917722,\n",
    "        1.5720298251,\n",
    "        0.1693752086,\n",
    "        0.1696344367,\n",
    "        0.1695291502,\n",
    "        0.2328185521,\n",
    "        0.5,\n",
    "        0.4024911098,\n",
    "        0.2326567752,\n",
    "        0.1757566339,\n",
    "        0.2197789429,\n",
    "        0.1852395373,\n",
    "        0.3242431479,\n",
    "        0.2474873696,\n",
    "        0.2063771159,\n",
    "        0.2145643007,\n",
    "        0.2579370389,\n",
    "        0.3422022236\n",
    "    ],\n",
    "    [\n",
    "        1.2817429829,\n",
    "        1.7569372874,\n",
    "        1.5499132862,\n",
    "        1.7666027308,\n",
    "        2.7909852109,\n",
    "        5.524293494,\n",
    "        2.7883507688,\n",
    "        1.2953184249,\n",
    "        1.1979475105,\n",
    "        1.0364175464,\n",
    "        0.9598492205,\n",
    "        1.6363098467,\n",
    "        0.8359394185,\n",
    "        2.0698045296,\n",
    "        0.9073495223,\n",
    "        0.9796400118,\n",
    "        1.0440510874,\n",
    "        0.1801309739,\n",
    "        0.2028328406,\n",
    "        0.2039613228,\n",
    "        0.2017628994,\n",
    "        0.4024911098,\n",
    "        0.5,\n",
    "        0.4042361927,\n",
    "        0.1226955687,\n",
    "        0.1426087973,\n",
    "        0.1339946129,\n",
    "        0.186291197,\n",
    "        0.1699752767,\n",
    "        0.1421790442,\n",
    "        0.1543587265,\n",
    "        0.18316544,\n",
    "        0.2020579645\n",
    "    ],\n",
    "    [\n",
    "        2.2008991585,\n",
    "        2.7829896005,\n",
    "        1.7704778823,\n",
    "        1.5502322035,\n",
    "        1.7649286155,\n",
    "        2.7902533039,\n",
    "        5.5180005383,\n",
    "        1.1267271387,\n",
    "        1.1264953025,\n",
    "        0.9399948166,\n",
    "        0.8149442179,\n",
    "        1.3048558433,\n",
    "        0.6990651492,\n",
    "        1.7259907556,\n",
    "        0.7107860381,\n",
    "        0.7318137041,\n",
    "        0.8111604382,\n",
    "        0.2640877759,\n",
    "        0.3559362276,\n",
    "        0.3627983714,\n",
    "        0.2326837091,\n",
    "        0.2326567752,\n",
    "        0.4042361927,\n",
    "        0.5,\n",
    "        0.1061438572,\n",
    "        0.1160573796,\n",
    "        0.1069543688,\n",
    "        0.1354974602,\n",
    "        0.1232481358,\n",
    "        0.1095207152,\n",
    "        0.1267047873,\n",
    "        0.1375804856,\n",
    "        0.1545913336\n",
    "    ],\n",
    "    [\n",
    "        0.6557655646,\n",
    "        0.7533316976,\n",
    "        0.9023043766,\n",
    "        1.0693657275,\n",
    "        0.9734633911,\n",
    "        0.7940414773,\n",
    "        0.7189369274,\n",
    "        1.422748332,\n",
    "        1.7645616092,\n",
    "        2.6456258475,\n",
    "        2.8709433526,\n",
    "        2.4091438236,\n",
    "        5.4947133384,\n",
    "        6.7811436707,\n",
    "        1.5587633383,\n",
    "        1.4500833766,\n",
    "        1.2858661535,\n",
    "        0.1117306042,\n",
    "        0.1019177743,\n",
    "        0.1018888337,\n",
    "        0.1524020637,\n",
    "        0.1757566339,\n",
    "        0.1226955687,\n",
    "        0.1061438572,\n",
    "        0.5,\n",
    "        0.5645689318,\n",
    "        0.2201992821,\n",
    "        0.2564825971,\n",
    "        0.1911765092,\n",
    "        0.2479732613,\n",
    "        0.2029128362,\n",
    "        0.1766230335,\n",
    "        0.2247161396\n",
    "    ],\n",
    "    [\n",
    "        0.6792843384,\n",
    "        0.8011186045,\n",
    "        0.9489170703,\n",
    "        1.1833801265,\n",
    "        1.1439884484,\n",
    "        0.9097401938,\n",
    "        0.7905731281,\n",
    "        1.5296692537,\n",
    "        1.6586293207,\n",
    "        2.1363873543,\n",
    "        2.8188316191,\n",
    "        2.9922657081,\n",
    "        5.4909652526,\n",
    "        6.5494163188,\n",
    "        1.959647067,\n",
    "        2.1897230977,\n",
    "        1.4908451308,\n",
    "        0.1131421739,\n",
    "        0.1052693526,\n",
    "        0.1062929679,\n",
    "        0.153423881,\n",
    "        0.2197789429,\n",
    "        0.1426087973,\n",
    "        0.1160573796,\n",
    "        0.5645689318,\n",
    "        0.5,\n",
    "        0.2577251601,\n",
    "        0.4268234843,\n",
    "        0.2633382037,\n",
    "        0.3836432002,\n",
    "        0.2147717677,\n",
    "        0.2077406337,\n",
    "        0.2636618278\n",
    "    ],\n",
    "    [\n",
    "        0.597151548,\n",
    "        0.69269989,\n",
    "        0.774913464,\n",
    "        0.9267292143,\n",
    "        0.962594234,\n",
    "        0.8181001329,\n",
    "        0.7088840727,\n",
    "        1.0475514454,\n",
    "        1.1158349212,\n",
    "        1.248788807,\n",
    "        1.3211932087,\n",
    "        1.7467848558,\n",
    "        1.5879007213,\n",
    "        6.8868886848,\n",
    "        5.4701512278,\n",
    "        2.8010372936,\n",
    "        2.7938712003,\n",
    "        0.0976393919,\n",
    "        0.0967426828,\n",
    "        0.0924319902,\n",
    "        0.1229139879,\n",
    "        0.1852395373,\n",
    "        0.1339946129,\n",
    "        0.1069543688,\n",
    "        0.2201992821,\n",
    "        0.2577251601,\n",
    "        0.5,\n",
    "        0.3261709197,\n",
    "        0.4055667588,\n",
    "        0.4006309405,\n",
    "        0.4022486443,\n",
    "        0.4024585391,\n",
    "        0.3258794977\n",
    "    ],\n",
    "    [\n",
    "        0.7273192212,\n",
    "        0.8863755069,\n",
    "        1.0167590977,\n",
    "        1.3334851189,\n",
    "        1.4747150217,\n",
    "        1.1458853674,\n",
    "        0.9274361897,\n",
    "        1.5304180964,\n",
    "        1.4539233004,\n",
    "        1.5773143291,\n",
    "        1.8942755672,\n",
    "        3.0483048989,\n",
    "        2.0980429708,\n",
    "        5.081056407,\n",
    "        2.7531799125,\n",
    "        5.4818934116,\n",
    "        2.1405890443,\n",
    "        0.1172178464,\n",
    "        0.1141051084,\n",
    "        0.1135474655,\n",
    "        0.154982067,\n",
    "        0.3242431479,\n",
    "        0.186291197,\n",
    "        0.1354974602,\n",
    "        0.2564825971,\n",
    "        0.4268234843,\n",
    "        0.3261709197,\n",
    "        0.5,\n",
    "        0.5665479087,\n",
    "        0.5618760395,\n",
    "        0.2622104483,\n",
    "        0.3195690098,\n",
    "        0.3792566449\n",
    "    ],\n",
    "    [\n",
    "        0.6431706006,\n",
    "        0.7655736404,\n",
    "        0.840456101,\n",
    "        1.04072039,\n",
    "        1.1812180106,\n",
    "        0.9984679309,\n",
    "        0.8188830679,\n",
    "        1.1131615602,\n",
    "        1.1058364078,\n",
    "        1.1719027767,\n",
    "        1.2697779988,\n",
    "        1.9109104469,\n",
    "        1.415505389,\n",
    "        4.2189967869,\n",
    "        2.7813816382,\n",
    "        5.4721673565,\n",
    "        2.1525310318,\n",
    "        0.102841505,\n",
    "        0.10317603,\n",
    "        0.1009101137,\n",
    "        0.1284082394,\n",
    "        0.2474873696,\n",
    "        0.1699752767,\n",
    "        0.1232481358,\n",
    "        0.1911765092,\n",
    "        0.2633382037,\n",
    "        0.4055667588,\n",
    "        0.5665479087,\n",
    "        0.5,\n",
    "        0.563629474,\n",
    "        0.2645463109,\n",
    "        0.388376004,\n",
    "        0.3156310487\n",
    "    ],\n",
    "    [\n",
    "        0.5997669353,\n",
    "        0.7031900957,\n",
    "        0.7876251916,\n",
    "        0.9636631982,\n",
    "        1.0268592417,\n",
    "        0.8591789847,\n",
    "        0.7284246625,\n",
    "        1.09433892,\n",
    "        1.1342603191,\n",
    "        1.2791674791,\n",
    "        1.4309482967,\n",
    "        1.940716388,\n",
    "        1.8529795046,\n",
    "        5.3706245652,\n",
    "        2.7480660082,\n",
    "        5.4816239441,\n",
    "        1.7134501448,\n",
    "        0.0976013778,\n",
    "        0.0952073393,\n",
    "        0.0945269013,\n",
    "        0.1235854465,\n",
    "        0.2063771159,\n",
    "        0.1421790442,\n",
    "        0.1095207152,\n",
    "        0.2479732613,\n",
    "        0.3836432002,\n",
    "        0.4006309405,\n",
    "        0.5618760395,\n",
    "        0.563629474,\n",
    "        0.5,\n",
    "        0.2304955097,\n",
    "        0.2639543216,\n",
    "        0.2613790726\n",
    "    ],\n",
    "    [\n",
    "        0.7245679751,\n",
    "        0.8518733505,\n",
    "        0.9719112542,\n",
    "        1.1644395297,\n",
    "        1.1670845715,\n",
    "        0.9757890528,\n",
    "        0.8550620394,\n",
    "        1.3102264591,\n",
    "        1.3857466032,\n",
    "        1.4665464035,\n",
    "        1.465921272,\n",
    "        2.0333522464,\n",
    "        1.4557476002,\n",
    "        5.3958855515,\n",
    "        2.7551221977,\n",
    "        1.7164911778,\n",
    "        5.4873168409,\n",
    "        0.1187003838,\n",
    "        0.1187859219,\n",
    "        0.1089260421,\n",
    "        0.153984402,\n",
    "        0.2145643007,\n",
    "        0.1543587265,\n",
    "        0.1267047873,\n",
    "        0.2029128362,\n",
    "        0.2147717677,\n",
    "        0.4022486443,\n",
    "        0.2622104483,\n",
    "        0.2645463109,\n",
    "        0.2304955097,\n",
    "        0.5,\n",
    "        0.5630309345,\n",
    "        0.5644987453\n",
    "    ],\n",
    "    [\n",
    "        0.7287974701,\n",
    "        0.8734356995,\n",
    "        0.9640722774,\n",
    "        1.1845632486,\n",
    "        1.3120498154,\n",
    "        1.1096611936,\n",
    "        0.9236746652,\n",
    "        1.2407653046,\n",
    "        1.231122969,\n",
    "        1.2527817686,\n",
    "        1.2887328877,\n",
    "        1.9736426994,\n",
    "        1.2864641917,\n",
    "        4.2198677226,\n",
    "        2.7720889232,\n",
    "        2.1558689891,\n",
    "        5.4652952878,\n",
    "        0.1163948745,\n",
    "        0.1195343568,\n",
    "        0.1109835846,\n",
    "        0.1468101623,\n",
    "        0.2579370389,\n",
    "        0.18316544,\n",
    "        0.1375804856,\n",
    "        0.1766230335,\n",
    "        0.2077406337,\n",
    "        0.4024585391,\n",
    "        0.3195690098,\n",
    "        0.388376004,\n",
    "        0.2639543216,\n",
    "        0.5630309345,\n",
    "        0.5,\n",
    "        0.5644572233\n",
    "    ],\n",
    "    [\n",
    "        0.8580440233,\n",
    "        1.0649355619,\n",
    "        1.2604850817,\n",
    "        1.6776976396,\n",
    "        1.7362525118,\n",
    "        1.3121311477,\n",
    "        1.0834077692,\n",
    "        1.9234259293,\n",
    "        1.788137418,\n",
    "        1.802603303,\n",
    "        1.9628651446,\n",
    "        3.2995548154,\n",
    "        1.7362992729,\n",
    "        5.1283863419,\n",
    "        2.751806196,\n",
    "        2.1270288539,\n",
    "        5.49234317,\n",
    "        0.1386482682,\n",
    "        0.1375288132,\n",
    "        0.1282750627,\n",
    "        0.1912780597,\n",
    "        0.3422022236,\n",
    "        0.2020579645,\n",
    "        0.1545913336,\n",
    "        0.2247161396,\n",
    "        0.2636618278,\n",
    "        0.3258794977,\n",
    "        0.3792566449,\n",
    "        0.3156310487,\n",
    "        0.2613790726,\n",
    "        0.5644987453,\n",
    "        0.5644572233,\n",
    "        0.5\n",
    "    ]\n",
    "]"
   ]
  },
  {
   "cell_type": "code",
   "execution_count": 2,
   "metadata": {
    "jupyter": {
     "source_hidden": true
    },
    "tags": []
   },
   "outputs": [],
   "source": [
    "coulomb_vector = [\n",
    "    36.8581051994,\n",
    "    23.3624778679,\n",
    "    14.0550913538,\n",
    "    11.0706231346,\n",
    "    9.5356203323,\n",
    "    11.2819682136,\n",
    "    16.8338712921,\n",
    "    12.8700670281,\n",
    "    11.7501369281,\n",
    "    7.865453354,\n",
    "    15.2642662066,\n",
    "    14.5978968329,\n",
    "    5.4751352366,\n",
    "    5.523914611,\n",
    "    5.48334674,\n",
    "    1.7250404743,\n",
    "    2.1981699113,\n",
    "    1.4095355391,\n",
    "    1.3292251904,\n",
    "    1.3307628754,\n",
    "    1.4449413978,\n",
    "    1.9845267081,\n",
    "    1.4507797332,\n",
    "    2.2408201294,\n",
    "    1.1721593239,\n",
    "    1.1367976128,\n",
    "    1.274038961,\n",
    "    1.8468803485,\n",
    "    2.2270623174,\n",
    "    2.2474172175,\n",
    "    1.742103647\n",
    "]"
   ]
  },
  {
   "cell_type": "code",
   "execution_count": 3,
   "metadata": {
    "tags": []
   },
   "outputs": [],
   "source": [
    "import numpy as np\n",
    "import math\n",
    "%matplotlib inline\n",
    "\n",
    "def pad_matrix(matrix, size):\n",
    "    \"\"\"Applies padding to a matrix.\n",
    "    You can use this function to scale a matrix to a given size.\n",
    "    The empty space is filled with zeros.\n",
    "    Example: Can be used to pad the Coulomb Matrix.\n",
    "    Args:\n",
    "        matrix (2D np.array): Matrix to pad in a nested list format.\n",
    "        size (int): The size to scale the matrix to.\n",
    "    Returns:\n",
    "        ndarray: The padded matrix.\n",
    "    \"\"\"\n",
    "    if isinstance(matrix, list):\n",
    "        matrix = np.array(list)\n",
    "\n",
    "    # calculate the wished size\n",
    "    size = size - matrix.shape[0]\n",
    "\n",
    "    # confirm the size isn't less than the default matrix size\n",
    "    if size <= 0:\n",
    "        m = matrix\n",
    "        warnings.warn(\n",
    "            \"Trying to reduce the matrix size, default matrix size has been returned!\",\n",
    "            Warning,\n",
    "        )\n",
    "    else:\n",
    "        # pad the matrix\n",
    "        m = np.pad(matrix, (0, size))\n",
    "    return m\n",
    "\n",
    "def normalize(coulomb_matrix, phi=1, slope=1, negative_dimensions=0, positive_dimension=0):\n",
    "    \"\"\"Normalizes the Coulomb Matrix by tensorizing it. May require padding.\n",
    "    This method is an adaption from (1).\n",
    "    (1) Montavon, G.; Hansen, K.; Fazli, S.; Rupp, M.; Biegler, F.; Ziehe, A.;\n",
    "    Tkatchenko, A.; Lilienfeld, A.; Müller, K.-R.\n",
    "    Learning Invariant Representations of Molecules for Atomization Energy Prediction.\n",
    "    In Advances in Neural Information Processing Systems;\n",
    "    Pereira, F., Burges, C. J. C., Bottou, L., Weinberger, K. Q., Eds.;\n",
    "    Curran Associates, Inc., 2012; Vol. 25.\n",
    "    Args:\n",
    "        coulomb_matrix (2D list): The Coulomb Matrix.\n",
    "        phi (int, optional): Equivalent to an offset. Defaults to 1.\n",
    "        slope (float, optional): The slope of the binarization function. Defaults to 0.7.\n",
    "        negative_dimensions (int, optional): The amount of negative dimensions describing the tensor. Defaults to 0.\n",
    "        positive_dimension (int, optional): The amount of positive dimensions describing the tensor. Defaults to 0.\n",
    "    Returns:\n",
    "        2D list: Tensorized Coulomb Matrix.\n",
    "    \"\"\"\n",
    "    tensors = []\n",
    "    cm = np.array(coulomb_matrix)\n",
    "\n",
    "    # generate negative layers\n",
    "    for i in range(negative_dimensions):\n",
    "        tensor = np.empty([cm.shape[0], cm.shape[1]])\n",
    "        for iy, y in enumerate(coulomb_matrix):\n",
    "            for ix, x in enumerate(y):\n",
    "                tensor[ix, iy] = (1/2)+((1/2)*math.tanh(((x-(i*phi))/phi)*slope))\n",
    "        tensors.append(tensor)\n",
    "\n",
    "    # generate base layer\n",
    "    tensor = np.empty([cm.shape[0], cm.shape[1]])\n",
    "    for iy, y in enumerate(coulomb_matrix):\n",
    "        for ix, x in enumerate(y):\n",
    "            tensor[ix, iy] = (1/2)+((1/2)*math.tanh((x/phi)*slope))\n",
    "    tensors.append(tensor)\n",
    "\n",
    "    # generate negapositive layers\n",
    "    for i in range(positive_dimension):\n",
    "        tensor = np.empty([cm.shape[0], cm.shape[1]])\n",
    "        for iy, y in enumerate(coulomb_matrix):\n",
    "            for ix, x in enumerate(y):\n",
    "                tensor[ix, iy] = (1/2)+((1/2)*math.tanh(((x+(i*phi))/phi)*slope))\n",
    "        tensors.append(tensor)\n",
    "    return np.array(tensors)"
   ]
  },
  {
   "cell_type": "code",
   "execution_count": 4,
   "metadata": {},
   "outputs": [
    {
     "data": {
      "text/plain": [
